9.9653356E15
2.649367E-12
4.0850493E-15
-1.2828044E20
-1.8476493E32
7.2504695E-24
-2.0322205E-38
57.714165
-1.37183332E13
-2.66383024E8
3.6884458E24
-22.43062
-2.0094211E21
4.881779E-22
4.8231376E33
1.03722576E8
-2009466.4
0.017812572
-5.5983906
2.0134605E30
5.9517605E29
3.7658556E35
7.6257654E-29
-9.474872E-34
9.913862E25
-3.2729332E-29
8.499226E-16
8.3083953E-16
3.886888E33
-3.366796E-16
-3589.4646
-1.873529E-21
2.5276839E30
-4.472527E-4
-5.5105875E15
3.327514E-5
-5.081272E-27
-10562.422
-4.7927173E-24
2.1634083E25
